#
# gridID 1
#
gridtype  = gaussian
gridsize  = 8192
xsize     = 128
ysize     = 64
xname     = lon
xlongname = "Longitude"
xunits    = "degrees_east"
yname     = lat
ylongname = "Latitude"
yunits    = "degrees_north"
numLPE    = 32
xfirst    = 0
xinc      = 2.8125
xbounds   = -1.40625 1.40625 
            1.40625 4.21875 
            4.21875 7.03125 
            7.03125 9.84375 
            9.84375 12.65625 
            12.65625 15.46875 
            15.46875 18.28125 
            18.28125 21.09375 
            21.09375 23.90625 
            23.90625 26.71875 
            26.71875 29.53125 
            29.53125 32.34375 
            32.34375 35.15625 
            35.15625 37.96875 
            37.96875 40.78125 
            40.78125 43.59375 
            43.59375 46.40625 
            46.40625 49.21875 
            49.21875 52.03125 
            52.03125 54.84375 
            54.84375 57.65625 
            57.65625 60.46875 
            60.46875 63.28125 
            63.28125 66.09375 
            66.09375 68.90625 
            68.90625 71.71875 
            71.71875 74.53125 
            74.53125 77.34375 
            77.34375 80.15625 
            80.15625 82.96875 
            82.96875 85.78125 
            85.78125 88.59375 
            88.59375 91.40625 
            91.40625 94.21875 
            94.21875 97.03125 
            97.03125 99.84375 
            99.84375 102.65625 
            102.65625 105.46875 
            105.46875 108.28125 
            108.28125 111.09375 
            111.09375 113.90625 
            113.90625 116.71875 
            116.71875 119.53125 
            119.53125 122.34375 
            122.34375 125.15625 
            125.15625 127.96875 
            127.96875 130.78125 
            130.78125 133.59375 
            133.59375 136.40625 
            136.40625 139.21875 
            139.21875 142.03125 
            142.03125 144.84375 
            144.84375 147.65625 
            147.65625 150.46875 
            150.46875 153.28125 
            153.28125 156.09375 
            156.09375 158.90625 
            158.90625 161.71875 
            161.71875 164.53125 
            164.53125 167.34375 
            167.34375 170.15625 
            170.15625 172.96875 
            172.96875 175.78125 
            175.78125 178.59375 
            178.59375 181.40625 
            181.40625 184.21875 
            184.21875 187.03125 
            187.03125 189.84375 
            189.84375 192.65625 
            192.65625 195.46875 
            195.46875 198.28125 
            198.28125 201.09375 
            201.09375 203.90625 
            203.90625 206.71875 
            206.71875 209.53125 
            209.53125 212.34375 
            212.34375 215.15625 
            215.15625 217.96875 
            217.96875 220.78125 
            220.78125 223.59375 
            223.59375 226.40625 
            226.40625 229.21875 
            229.21875 232.03125 
            232.03125 234.84375 
            234.84375 237.65625 
            237.65625 240.46875 
            240.46875 243.28125 
            243.28125 246.09375 
            246.09375 248.90625 
            248.90625 251.71875 
            251.71875 254.53125 
            254.53125 257.34375 
            257.34375 260.15625 
            260.15625 262.96875 
            262.96875 265.78125 
            265.78125 268.59375 
            268.59375 271.40625 
            271.40625 274.21875 
            274.21875 277.03125 
            277.03125 279.84375 
            279.84375 282.65625 
            282.65625 285.46875 
            285.46875 288.28125 
            288.28125 291.09375 
            291.09375 293.90625 
            293.90625 296.71875 
            296.71875 299.53125 
            299.53125 302.34375 
            302.34375 305.15625 
            305.15625 307.96875 
            307.96875 310.78125 
            310.78125 313.59375 
            313.59375 316.40625 
            316.40625 319.21875 
            319.21875 322.03125 
            322.03125 324.84375 
            324.84375 327.65625 
            327.65625 330.46875 
            330.46875 333.28125 
            333.28125 336.09375 
            336.09375 338.90625 
            338.90625 341.71875 
            341.71875 344.53125 
            344.53125 347.34375 
            347.34375 350.15625 
            350.15625 352.96875 
            352.96875 355.78125 
            355.78125 358.59375 
yvals     = -87.8637988392327 -85.0965269883174 -82.3129129478864 -79.5256065726595 
            -76.7368996803684 -73.9475151539897 -71.1577520115874 -68.3677561083132 
            -65.5776070108279 -62.7873517989631 -59.9970201084914 -57.2066315276433 
            -54.4161995260863 -51.6257336749383 -48.8352409662506 -46.0447266311017 
            -43.254194665351 -40.4636481781151 -37.6730896290454 -34.8825209937735 
            -32.091943881744 -29.3013596217628 -26.510769325211 -23.7201739335348 
            -20.9295742544895 -18.1389709902394 -15.3483647594915 -12.5577561152307 
            -9.76714555919558 -6.97653355394864 -4.18592053318916 -1.3953069108195 
            1.3953069108195 4.18592053318916 6.97653355394864 9.76714555919558 12.5577561152307 
            15.3483647594915 18.1389709902394 20.9295742544895 23.7201739335348 26.510769325211 
            29.3013596217628 32.091943881744 34.8825209937735 37.6730896290454 40.4636481781151 
            43.254194665351 46.0447266311017 48.8352409662506 51.6257336749383 54.4161995260863 
            57.2066315276433 59.9970201084914 62.7873517989631 65.5776070108279 68.3677561083132 
            71.1577520115874 73.9475151539897 76.7368996803684 79.5256065726595 82.3129129478864 
            85.0965269883174 87.8637988392327 
ybounds   = -90 -86.57774751 
            -86.57774751 -83.75702878 
            -83.75702878 -80.95502019 
            -80.95502019 -78.15834785 
            -78.15834785 -75.36393858 
            -75.36393858 -72.5707002 
            -72.5707002 -69.77814617 
            -69.77814617 -66.98602671 
            -66.98602671 -64.19420036 
            -64.19420036 -61.40258094 
            -61.40258094 -58.61111296 
            -58.61111296 -55.81975904 
            -55.81975904 -53.02849308 
            -53.02849308 -50.23729628 
            -50.23729628 -47.44615476 
            -47.44615476 -44.65505801 
            -44.65505801 -41.86399795 
            -41.86399795 -39.07296823 
            -39.07296823 -36.28196381 
            -36.28196381 -33.49098058 
            -33.49098058 -30.70001521 
            -30.70001521 -27.9090649 
            -27.9090649 -25.11812731 
            -25.11812731 -22.32720044 
            -22.32720044 -19.53628258 
            -19.53628258 -16.7453722 
            -16.7453722 -13.95446797 
            -13.95446797 -11.16356869 
            -11.16356869 -8.37267325 
            -8.37267325 -5.58178063 
            -5.58178063 -2.79088986 
            -2.79088986 0 
            0 2.79088986 
            2.79088986 5.58178063 
            5.58178063 8.37267325 
            8.37267325 11.16356869 
            11.16356869 13.95446797 
            13.95446797 16.7453722 
            16.7453722 19.53628258 
            19.53628258 22.32720044 
            22.32720044 25.11812731 
            25.11812731 27.9090649 
            27.9090649 30.70001521 
            30.70001521 33.49098058 
            33.49098058 36.28196381 
            36.28196381 39.07296823 
            39.07296823 41.86399795 
            41.86399795 44.65505801 
            44.65505801 47.44615476 
            47.44615476 50.23729628 
            50.23729628 53.02849308 
            53.02849308 55.81975904 
            55.81975904 58.61111296 
            58.61111296 61.40258094 
            61.40258094 64.19420036 
            64.19420036 66.98602671 
            66.98602671 69.77814617 
            69.77814617 72.5707002 
            72.5707002 75.36393858 
            75.36393858 78.15834785 
            78.15834785 80.95502019 
            80.95502019 83.75702878 
            83.75702878 86.57774751 
            86.57774751 90 
